228 164.003200  7.559765 -1.347571 87.784357 0.017056 0.707260 0.007356 0.706709
228 14.204920  7.872013 -1.347362 87.586328 0.019601 0.690530 0.007700 0.722997
234 168.356800 42.310488 -2.308073 88.195266 0.016817 0.734284 0.004050 0.678622
234 18.766880 41.576225 -2.286409 88.214834 0.013323 0.743723 0.005843 0.668329
515 342.490700 130.700547  -7.300921 220.927192 -0.020142 -0.726200 -0.008012  0.687142
515 244.749100 130.793493  -7.283268 221.176124 -0.022649 -0.719971 -0.007922  0.693589
522 345.287600 104.909690  -6.656566 219.786631 -0.025071 -0.728815  0.000716  0.684251
522 247.444100 104.598404  -6.649682 219.778912 -0.026165 -0.727590  0.001056  0.685512
528 347.775300  82.931965  -6.112749 218.346717 -0.032921 -0.728636 -0.001281  0.684108
528 250.035500  82.026922  -6.081413 218.256522 -0.031560 -0.731598 -0.001633  0.681003
537 355.541100  61.247516  -5.716315 242.543277 -0.008131 -0.443006 -0.031383  0.895932
537 44.165420  61.111182  -5.695681 242.922978 -0.007502 -0.479530 -0.034260  0.876824
545 360.313500  26.781582  -4.637493 241.599224 -0.004598 -0.734669 -0.016141  0.678218
545 49.560950  24.717683  -4.621204 241.477294 -0.003863 -0.731837 -0.017963  0.681232
551 365.807200 -12.194611  -3.829794 238.468591  0.007887 -0.663304 -0.017134  0.748112
551 58.268620 -11.111851  -3.852497 238.568828  0.005239 -0.701863 -0.014924  0.712136
561 373.162500 -21.260167  -4.557881 291.600210  0.006569 -0.031178  0.003159  0.999487
561 67.181930 -21.211365  -4.573245 292.507495  0.006800 -0.033247  0.003651  0.999417
568 376.790400 -24.275297  -5.437001 335.613980  0.003331 -0.033256  0.002589  0.999438
568 71.328430 -24.163836  -5.394225 334.173415  0.003215 -0.033421  0.001497  0.999435
576 383.005600 -36.640217  -5.864757 371.386587 -0.018099 -0.764600 -0.007155  0.644211
576 78.374790 -37.269674  -5.826905 370.444969 -0.020942 -0.737624 -0.015461  0.674709
582 386.224300 -63.450912  -5.075343 367.930637 -0.004553 -0.731173 -0.023240  0.681781
582 81.799470 -63.545067  -5.077412 367.982684 -0.007236 -0.729946 -0.023710  0.683055
588 390.576900 -106.102772   -3.868491  364.985475 -0.008641 -0.742026 -0.011234  0.670221
588 87.293640 -106.188242   -3.872662  365.038406 -0.007343 -0.742457 -0.013026  0.669727
595 395.033900 -152.452142   -2.724040  361.396199 -0.007945 -0.731271 -0.018044  0.681802
595 92.994930 -152.966715   -2.699654  361.320567 -0.009355 -0.728888 -0.019819  0.684282
601 398.247200 -186.757952   -1.791135  358.061595 -0.001772 -0.736963 -0.022837  0.675545
601 97.244690 -186.624480   -1.794593  358.376324 -0.012931 -0.754294 -0.016470  0.656203
729 462.497500 -0.070004 -0.113015  9.196704  0.003286 -0.021768  0.001396  0.999757
729 1.244242 -0.302481 -0.102029  8.944139  0.001407 -0.023934 -0.003381  0.999707
735 466.125300 -2.843910 -0.471880 44.900040 -0.002177 -0.037672 -0.005069  0.999275
735 5.079909 -2.668413 -0.509200 43.633112 -0.001731 -0.037098  0.000495  0.999310
